[+]    1 --- 01 04 06 14 32 33 + 14 
[+]   19 --- 03 04 06 19 22 30 + 06 
[+]   26 --- 03 04 06 19 28 29 + 07 
[+]   39 --- 03 04 06 18 28 33 + 01 
[+]   67 --- 03 04 06 16 28 31 + 01 

[+]   87 --- 01 04 06 18 26 29 + 06 
[+]    8 --- 01 04 06 16 28 29 + 14 
[+]   26 --- 03 04 06 18 28 31 + 02 
[+]   28 --- 03 04 06 19 22 29 + 06 
[+]   44 --- 03 04 06 19 22 33 + 06 

[+]   52 --- 03 04 06 18 26 31 + 14 
[+]   64 --- 03 04 06 18 22 33 + 07 
[+]   77 --- 01 04 06 16 18 31 + 06 
[+]   84 --- 03 04 06 16 22 29 + 06 
[+]   85 --- 01 04 06 12 22 33 + 01 

[+]   17 --- 03 04 06 16 18 29 + 09 
[+]   24 --- 03 04 06 12 22 29 + 11 
[+]   25 --- 03 04 06 14 18 33 + 09 
[+]   48 --- 03 04 06 19 28 30 + 02 
[+]   51 --- 01 04 06 16 18 29 + 01 

[+]   65 --- 03 04 06 16 28 29 + 11 
[+]   77 --- 03 04 06 16 28 29 + 06 
[+]   89 --- 03 04 06 16 28 31 + 07 
[+]   90 --- 03 04 06 18 26 29 + 06 
[+]   91 --- 03 04 06 19 28 33 + 06 

[+]   99 --- 03 04 06 19 22 30 + 11 
[+]   12 --- 03 04 06 18 26 29 + 01 
[+]   24 --- 03 04 06 16 18 31 + 14 
[+]   26 --- 01 04 06 18 22 29 + 06 
[+]   43 --- 03 04 06 14 28 30 + 14 

[+]   68 --- 03 04 06 19 26 29 + 06 
[+]   74 --- 01 04 06 14 22 30 + 02 
[+]   85 --- 03 04 06 16 22 29 + 07 
[+]   95 --- 01 04 06 16 26 30 + 14 
[+]    1 --- 01 04 06 18 26 33 + 06 

[+]   12 --- 03 04 06 16 18 29 + 11 
[+]   18 --- 03 04 06 14 28 30 + 14 
[+]   21 --- 03 04 06 16 22 29 + 14 
[+]   64 --- 03 04 06 19 22 33 + 02 
[+]   75 --- 03 04 06 16 32 33 + 06 

[+]   83 --- 03 04 06 16 22 30 + 06 
[+]   14 --- 03 04 06 16 26 30 + 06 
[+]   36 --- 01 04 06 19 32 33 + 02 
[+]   52 --- 01 04 06 18 26 30 + 06 
[+]   74 --- 01 04 06 16 26 33 + 11 

[+]   86 --- 01 04 06 16 26 33 + 09 
[+]   95 --- 03 04 06 19 22 31 + 09 
[+]   98 --- 03 04 06 12 28 33 + 14 